ff 00 00 00 ff 00 a9 a9 a9 45 6 6 0 0 0 0 0 0 0 0 0
ff 00 00 00 ff 00 a9 a9 a9 15 6 6 0 0 0 0 0 0 0 1 0
ff 00 00 00 ff 00 a9 a9 a9 135 6 6 0 0 0 0 1 1 1 0 0
ff 00 00 00 ff 00 a9 a9 a9 45 6 20 0 0 0 0 0 1 0 0 1
ff 00 00 00 ff 00 a9 a9 a9 45 6 2 0 0 0 0 0 0 1 0 0
ff 00 00 00 ff 00 a9 a9 a9 45 10 6 0 1 1 1 0 0 0 0 0
ff 00 00 00 ff 00 a9 a9 a9 45 4 6 0 0 1 1 0 0 1 0 0
00 ff 00 ff 00 00 a9 a9 a9 45 6 6 0 0 1 1 0 0 1 0 1
00 ff 00 ff 00 00 a9 a9 a9 15 6 6 0 0 0 1 0 0 1 0 0
00 ff 00 ff 00 00 a9 a9 a9 135 6 6 0 0 0 0 1 0 0 0 0
00 ff 00 ff 00 00 a9 a9 a9 45 6 20 0 0 0 1 0 0 0 1 0
00 ff 00 ff 00 00 a9 a9 a9 45 6 2 0 0 0 0 0 0 0 0 0
00 ff 00 ff 00 00 a9 a9 a9 45 10 6 0 1 0 0 0 0 1 0 0
00 ff 00 ff 00 00 a9 a9 a9 45 4 6 0 0 1 0 1 0 1 0 0
00 00 00 ff ff ff a9 a9 a9 45 6 6 3 3 3 3 3 2 3 3 3
00 00 00 ff ff ff a9 a9 a9 90 6 6 2 3 3 2 1 3 2 3 3
00 00 00 ff ff ff a9 a9 a9 135 6 6 1 0 1 3 1 0 1 2 2
00 00 00 ff ff ff a9 a9 a9 15 6 6 2 3 3 3 3 2 3 2 2
00 00 00 ff ff ff a9 a9 a9 15 4 6 2 3 3 3 2 2 2 3 3
00 00 00 ff ff ff a9 a9 a9 15 4 4 2 3 2 3 3 2 0 3 2
00 00 00 ff ff ff a9 a9 a9 15 4 2 2 3 2 3 3 2 0 3 3
00 00 00 ff ff ff a9 a9 a9 15 4 8 2 2 3 3 3 2 0 3 3
00 00 00 ff ff ff a9 a9 a9 15 4 10 1 3 3 3 3 2 2 3 1
00 00 00 ff ff ff a9 a9 a9 15 4 16 1 3 3 3 3 2 0 3 2
00 00 00 ff ff ff a9 a9 a9 15 4 20 1 3 3 3 3 2 0 2 1
00 00 00 ff ff ff a9 a9 a9 15 2 6 1 1 0 1 0 0 0 1 0
00 00 00 ff ff ff a9 a9 a9 15 2 3 2 0 0 0 0 0 0 0 0
00 00 00 ff ff ff a9 a9 a9 15 2 1 2 0 0 0 0 0 0 0 0
00 00 00 ff ff ff a9 a9 a9 15 2 9 1 1 0 0 1 0 0 1 0
00 00 00 ff ff ff a9 a9 a9 15 2 11 1 1 0 1 0 0 0 1 1
00 00 00 ff ff ff a9 a9 a9 15 2 14 0 0 0 0 0 0 0 0 0
00 00 00 ff ff ff a9 a9 a9 15 2 19 0 1 0 1 1 0 0 0 0
00 00 00 ff ff ff a9 a9 a9 15 8 6 1 3 2 2 2 1 3 2 2
00 00 00 ff ff ff a9 a9 a9 15 8 4 1 3 2 1 3 1 3 2 3
00 00 00 ff ff ff a9 a9 a9 15 8 2 1 2 0 2 2 0 1 0 2
00 00 00 ff ff ff a9 a9 a9 15 8 8 2 3 3 3 3 1 3 3 3
00 00 00 ff ff ff a9 a9 a9 15 8 11 2 3 3 3 3 2 3 2 1
00 00 00 ff ff ff a9 a9 a9 15 8 17 1 3 2 3 2 2 2 3 2
00 00 00 ff ff ff a9 a9 a9 15 8 20 1 2 0 1 1 0 3 1 1
00 00 00 ff ff ff a9 a9 a9 15 10 6 1 3 0 1 2 0 1 2 1
00 00 00 ff ff ff a9 a9 a9 15 10 3 1 3 1 2 1 0 1 2 2
00 00 00 ff ff ff a9 a9 a9 15 10 1 1 1 0 0 0 0 0 0 0
00 00 00 ff ff ff a9 a9 a9 15 10 8 2 2 1 3 1 0 1 1 0
00 00 00 ff ff ff a9 a9 a9 15 10 10 2 3 2 3 2 0 1 2 1
00 00 00 ff ff ff a9 a9 a9 15 10 16 2 2 0 2 2 0 3 1 0
00 00 00 ff ff ff a9 a9 a9 15 10 20 1 2 0 1 2 1 3 2 2
00 00 00 ff ff ff a9 a9 a9 15 13 6 1 3 1 0 3 0 1 3 1
00 00 00 ff ff ff a9 a9 a9 15 13 4 1 3 3 1 3 0 0 2 0
00 00 00 ff ff ff a9 a9 a9 15 13 2 1 0 0 0 0 0 0 2 0
00 00 00 ff ff ff a9 a9 a9 15 13 8 2 1 0 1 1 0 0 1 0
00 00 00 ff ff ff a9 a9 a9 15 13 10 2 1 1 2 1 0 0 0 1
00 00 00 ff ff ff a9 a9 a9 15 13 16 2 0 0 0 0 0 0 0 0
00 00 00 ff ff ff a9 a9 a9 15 13 20 2 2 0 0 0 0 0 0 0
00 00 00 ff ff ff a9 a9 a9 15 17 6 1 1 0 0 0 0 0 0 0
00 00 00 ff ff ff a9 a9 a9 15 17 4 1 1 0 0 0 0 0 1 0
00 00 00 ff ff ff a9 a9 a9 15 17 2 1 1 0 0 0 0 0 1 0
00 00 00 ff ff ff a9 a9 a9 15 17 8 1 0 0 0 0 0 0 0 0
00 00 00 ff ff ff a9 a9 a9 15 17 10 1 0 0 0 0 0 0 0 0
00 00 00 ff ff ff a9 a9 a9 15 17 16 2 0 0 0 0 0 0 0 2
00 00 00 ff ff ff a9 a9 a9 15 17 20 2 0 0 0 0 0 0 0 0
00 00 00 ff ff ff a9 a9 a9 15 20 6 1 0 0 0 0 0 0 0 0
00 00 00 ff ff ff a9 a9 a9 15 20 4 1 0 0 0 0 0 0 1 0
00 00 00 ff ff ff a9 a9 a9 15 20 2 1 1 1 1 1 0 0 1 2
00 00 00 ff ff ff a9 a9 a9 15 20 8 1 2 2 2 0 0 0 2 0
00 00 00 ff ff ff a9 a9 a9 15 20 10 1 0 0 0 0 0 0 1 1
00 00 00 ff ff ff a9 a9 a9 15 20 16 2 0 0 0 0 0 0 0 0
00 00 00 ff ff ff a9 a9 a9 15 20 20 2 0 0 0 0 0 0 0 0
00 00 00 ff ff ff a9 a9 a9 45 4 6 3 3 3 3 3 3 3 3 3
00 00 00 ff ff ff a9 a9 a9 45 4 4 3 3 3 3 3 3 3 2 3
00 00 00 ff ff ff a9 a9 a9 45 4 2 3 2 3 3 3 2 3 2 2
00 00 00 ff ff ff a9 a9 a9 45 4 8 3 3 3 2 3 2 3 3 2
00 00 00 ff ff ff a9 a9 a9 45 4 10 3 3 3 3 2 3 3 0 2
00 00 00 ff ff ff a9 a9 a9 45 4 16 1 3 3 3 3 2 2 3 2
00 00 00 ff ff ff a9 a9 a9 45 4 20 1 2 3 3 3 1 2 3 3
00 00 00 ff ff ff a9 a9 a9 45 2 6 1 0 0 0 0 0 0 2 0
00 00 00 ff ff ff a9 a9 a9 45 2 3 3 0 0 0 0 0 0 2 1
00 00 00 ff ff ff a9 a9 a9 45 2 1 3 0 0 0 0 0 0 1 0
00 00 00 ff ff ff a9 a9 a9 45 2 9 2 0 0 0 0 0 0 3 2
00 00 00 ff ff ff a9 a9 a9 45 2 12 2 0 0 0 0 0 0 2 1
00 00 00 ff ff ff a9 a9 a9 45 2 14 1 0 0 1 1 0 0 1 0
00 00 00 ff ff ff a9 a9 a9 45 2 19 0 0 0 0 0 0 0 0 0
00 00 00 ff ff ff a9 a9 a9 45 8 6 3 3 3 3 3 3 3 3 0
00 00 00 ff ff ff a9 a9 a9 45 8 4 3 3 3 3 3 2 3 2 2
00 00 00 ff ff ff a9 a9 a9 45 8 2 2 3 3 3 3 2 0 2 2
00 00 00 ff ff ff a9 a9 a9 45 8 8 2 3 3 3 3 2 3 3 3
00 00 00 ff ff ff a9 a9 a9 45 8 11 2 3 3 3 3 2 2 2 2
00 00 00 ff ff ff a9 a9 a9 45 8 17 2 1 1 1 1 1 1 2 0
00 00 00 ff ff ff a9 a9 a9 45 8 20 2 2 3 2 2 1 2 1 0
00 00 00 ff ff ff a9 a9 a9 45 10 6 3 1 2 2 2 1 1 2 1
00 00 00 ff ff ff a9 a9 a9 45 10 3 2 3 3 3 3 1 1 1 1
00 00 00 ff ff ff a9 a9 a9 45 10 1 2 0 0 0 0 0 0 2 0
00 00 00 ff ff ff a9 a9 a9 45 10 8 2 2 1 2 1 0 1 1 2
00 00 00 ff ff ff a9 a9 a9 45 10 10 3 1 1 3 1 1 1 2 2
00 00 00 ff ff ff a9 a9 a9 45 10 16 2 2 1 2 1 1 1 1 3
00 00 00 ff ff ff a9 a9 a9 45 10 20 2 3 3 3 3 1 1 2 2
00 00 00 ff ff ff a9 a9 a9 45 13 6 2 2 1 1 1 0 1 1 1
00 00 00 ff ff ff a9 a9 a9 45 13 4 2 2 0 1 1 0 0 0 0
00 00 00 ff ff ff a9 a9 a9 45 13 2 1 1 0 1 0 0 0 0 1
00 00 00 ff ff ff a9 a9 a9 45 13 8 2 0 0 0 0 0 0 0 0
00 00 00 ff ff ff a9 a9 a9 45 13 10 2 1 0 0 0 0 1 0 0
00 00 00 ff ff ff a9 a9 a9 45 13 16 2 2 0 1 0 0 0 1 0
00 00 00 ff ff ff a9 a9 a9 45 13 20 1 1 0 0 2 0 0 0 2
00 00 00 ff ff ff a9 a9 a9 45 17 6 1 0 0 0 0 0 0 0 0
00 00 00 ff ff ff a9 a9 a9 45 17 4 1 1 1 1 0 0 0 0 0
00 00 00 ff ff ff a9 a9 a9 45 17 2 1 2 2 2 2 0 1 2 2
00 00 00 ff ff ff a9 a9 a9 45 17 8 2 0 1 1 0 0 0 1 0
00 00 00 ff ff ff a9 a9 a9 45 17 10 2 0 1 0 1 0 0 0 3
00 00 00 ff ff ff a9 a9 a9 45 17 16 2 0 0 0 0 0 0 0 1
00 00 00 ff ff ff a9 a9 a9 45 17 20 2 0 0 0 0 0 0 0 0
00 00 00 ff ff ff a9 a9 a9 45 20 6 1 1 1 1 1 0 1 1 1
00 00 00 ff ff ff a9 a9 a9 45 20 4 1 1 1 1 1 0 1 0 2
00 00 00 ff ff ff a9 a9 a9 45 20 2 0 1 1 1 1 0 0 0 1
00 00 00 ff ff ff a9 a9 a9 45 20 8 1 0 0 0 0 0 0 0 0
00 00 00 ff ff ff a9 a9 a9 45 20 10 1 0 0 0 0 0 0 1 0
00 00 00 ff ff ff a9 a9 a9 45 20 16 2 0 0 0 0 0 0 0 0
00 00 00 ff ff ff a9 a9 a9 45 20 20 2 0 0 0 0 0 0 0 0
00 00 00 ff ff ff a9 a9 a9 90 4 6 3 1 1 1 0 0 0 1 1
00 00 00 ff ff ff a9 a9 a9 90 4 4 3 3 2 3 1 0 0 2 2
00 00 00 ff ff ff a9 a9 a9 90 4 2 3 1 1 1 1 0 0 1 0
00 00 00 ff ff ff a9 a9 a9 90 4 8 2 0 1 0 0 0 0 0 0
00 00 00 ff ff ff a9 a9 a9 90 4 10 1 0 1 0 0 0 0 0 0
00 00 00 ff ff ff a9 a9 a9 90 4 16 0 3 3 3 2 1 1 2 2
00 00 00 ff ff ff a9 a9 a9 90 4 20 1 3 3 3 0 0 0 2 3
00 00 00 ff ff ff a9 a9 a9 90 2 6 1 0 0 0 0 0 0 1 0
00 00 00 ff ff ff a9 a9 a9 90 2 3 1 0 0 0 0 0 0 0 0
00 00 00 ff ff ff a9 a9 a9 90 2 1 0 0 0 0 0 0 0 0 0
00 00 00 ff ff ff a9 a9 a9 90 2 9 1 0 0 0 0 0 0 0 0
00 00 00 ff ff ff a9 a9 a9 90 2 11 1 0 0 0 0 0 0 0 0
00 00 00 ff ff ff a9 a9 a9 90 2 14 1 0 0 0 0 0 0 0 0
00 00 00 ff ff ff a9 a9 a9 90 2 19 0 0 0 0 0 0 0 0 0
00 00 00 ff ff ff a9 a9 a9 90 8 6 3 3 3 3 3 2 2 3 3
00 00 00 ff ff ff a9 a9 a9 90 8 4 2 1 1 1 1 0 1 2 1
00 00 00 ff ff ff a9 a9 a9 90 8 2 1 3 2 2 1 0 1 1 1
00 00 00 ff ff ff a9 a9 a9 90 8 8 3 3 2 2 2 1 2 2 1
00 00 00 ff ff ff a9 a9 a9 90 8 11 2 3 1 1 0 0 1 1 2
00 00 00 ff ff ff a9 a9 a9 90 8 17 2 1 1 1 1 0 0 0 1
00 00 00 ff ff ff a9 a9 a9 90 8 20 2 1 1 1 0 0 0 1 1
00 00 00 ff ff ff a9 a9 a9 90 10 6 2 1 2 2 2 1 2 2 2
00 00 00 ff ff ff a9 a9 a9 90 10 3 1 2 0 1 2 0 1 1 0
00 00 00 ff ff ff a9 a9 a9 90 10 1 1 1 1 1 1 1 0 2 1
00 00 00 ff ff ff a9 a9 a9 90 10 8 3 2 0 1 2 1 1 1 1
00 00 00 ff ff ff a9 a9 a9 90 10 10 3 1 0 1 1 0 0 0 1
00 00 00 ff ff ff a9 a9 a9 90 10 16 2 1 0 0 0 0 0 0 0
00 00 00 ff ff ff a9 a9 a9 90 10 20 2 0 0 0 0 0 1 0 0
00 00 00 ff ff ff a9 a9 a9 90 13 6 2 0 0 0 0 0 0 0 0
00 00 00 ff ff ff a9 a9 a9 90 13 4 2 0 1 1 1 0 0 0 1
00 00 00 ff ff ff a9 a9 a9 90 13 2 1 1 0 0 0 0 0 0 0
00 00 00 ff ff ff a9 a9 a9 90 13 8 2 0 0 1 0 0 1 0 0
00 00 00 ff ff ff a9 a9 a9 90 13 10 1 0 0 0 0 0 0 0 0
00 00 00 ff ff ff a9 a9 a9 90 13 16 0 0 0 0 0 0 1 0 1
00 00 00 ff ff ff a9 a9 a9 90 13 20 1 1 0 0 0 0 1 1 0
00 00 00 ff ff ff a9 a9 a9 90 17 6 1 1 0 0 0 0 1 0 0
00 00 00 ff ff ff a9 a9 a9 90 17 4 1 1 0 0 0 0 1 0 1
00 00 00 ff ff ff a9 a9 a9 90 17 2 0 1 0 0 0 0 0 0 0
00 00 00 ff ff ff a9 a9 a9 90 17 8 1 0 0 1 0 0 0 0 0
00 00 00 ff ff ff a9 a9 a9 90 17 10 1 0 0 0 0 0 0 0 0
00 00 00 ff ff ff a9 a9 a9 90 17 16 2 0 0 0 0 0 1 1 1
00 00 00 ff ff ff a9 a9 a9 90 17 20 1 0 0 0 0 0 0 0 0
00 00 00 ff ff ff a9 a9 a9 90 20 6 1 0 0 0 0 0 0 0 1
00 00 00 ff ff ff a9 a9 a9 90 20 4 1 1 1 1 1 0 0 0 1
00 00 00 ff ff ff a9 a9 a9 90 20 2 1 0 0 0 0 0 0 0 0
00 00 00 ff ff ff a9 a9 a9 90 20 8 1 0 0 1 0 0 0 1 0
00 00 00 ff ff ff a9 a9 a9 90 20 10 1 0 0 1 0 0 0 0 1
00 00 00 ff ff ff a9 a9 a9 90 20 16 2 0 0 0 0 0 0 1 0
00 00 00 ff ff ff a9 a9 a9 90 20 20 2 0 0 0 0 0 0 0 0
00 00 00 ff ff ff a9 a9 a9 135 4 6 2 0 0 0 1 0 0 1 2
00 00 00 ff ff ff a9 a9 a9 135 4 4 2 0 0 0 0 0 0 0 0
00 00 00 ff ff ff a9 a9 a9 135 4 2 2 0 0 0 0 0 0 0 0
00 00 00 ff ff ff a9 a9 a9 135 4 8 2 0 0 0 0 0 0 0 0
00 00 00 ff ff ff a9 a9 a9 135 4 10 2 0 1 0 0 0 0 0 1
00 00 00 ff ff ff a9 a9 a9 135 4 16 1 0 0 0 0 0 0 0 0
00 00 00 ff ff ff a9 a9 a9 135 4 20 1 0 0 0 0 0 0 0 2
00 00 00 ff ff ff a9 a9 a9 135 2 6 0 0 0 0 0 1 0 0 0
00 00 00 ff ff ff a9 a9 a9 135 2 3 1 0 0 0 0 0 0 0 1
00 00 00 ff ff ff a9 a9 a9 135 2 1 1 0 0 0 0 0 0 0 0
00 00 00 ff ff ff a9 a9 a9 135 2 9 2 0 0 0 0 0 0 1 2
00 00 00 ff ff ff a9 a9 a9 135 2 11 2 0 0 0 0 0 0 0 0
00 00 00 ff ff ff a9 a9 a9 135 2 14 2 0 0 0 0 0 0 0 0
00 00 00 ff ff ff a9 a9 a9 135 2 19 2 0 0 0 0 0 0 1 0
00 00 00 ff ff ff a9 a9 a9 135 8 6 2 1 3 1 2 0 1 0 3
00 00 00 ff ff ff a9 a9 a9 135 8 4 1 1 1 2 1 0 0 0 1
00 00 00 ff ff ff a9 a9 a9 135 8 2 1 0 0 0 0 0 0 0 0
00 00 00 ff ff ff a9 a9 a9 135 8 8 2 0 0 1 0 0 0 0 0
00 00 00 ff ff ff a9 a9 a9 135 8 11 1 0 0 0 0 0 0 0 0
00 00 00 ff ff ff a9 a9 a9 135 8 17 2 0 0 0 0 0 0 1 0
00 00 00 ff ff ff a9 a9 a9 135 8 20 2 0 0 1 2 0 0 0 2
00 00 00 ff ff ff a9 a9 a9 135 10 6 1 0 1 1 0 0 0 0 0
00 00 00 ff ff ff a9 a9 a9 135 10 3 1 1 0 1 0 0 0 0 1
00 00 00 ff ff ff a9 a9 a9 135 10 1 1 1 0 2 2 0 0 2 3
00 00 00 ff ff ff a9 a9 a9 135 10 8 1 0 0 1 1 0 0 0 0
00 00 00 ff ff ff a9 a9 a9 135 10 10 1 0 0 2 2 0 0 1 0
00 00 00 ff ff ff a9 a9 a9 135 10 16 1 0 0 1 1 0 0 2 1
00 00 00 ff ff ff a9 a9 a9 135 10 20 0 0 0 0 0 0 0 0 1
00 00 00 ff ff ff a9 a9 a9 135 13 6 1 0 0 1 0 0 0 0 1
00 00 00 ff ff ff a9 a9 a9 135 13 4 1 0 0 1 1 0 0 0 0
00 00 00 ff ff ff a9 a9 a9 135 13 2 0 1 0 0 1 0 0 0 0
00 00 00 ff ff ff a9 a9 a9 135 13 8 1 0 0 1 0 0 0 1 0
00 00 00 ff ff ff a9 a9 a9 135 13 10 2 0 0 1 0 0 0 0 0
00 00 00 ff ff ff a9 a9 a9 135 13 16 1 0 0 0 0 0 0 0 0
00 00 00 ff ff ff a9 a9 a9 135 13 20 1 0 0 0 0 0 0 0 0
00 00 00 ff ff ff a9 a9 a9 135 17 6 1 0 0 0 0 0 0 0 1
00 00 00 ff ff ff a9 a9 a9 135 17 4 0 0 0 0 0 0 0 0 0
00 00 00 ff ff ff a9 a9 a9 135 17 2 0 1 0 1 0 0 0 1 0
00 00 00 ff ff ff a9 a9 a9 135 17 8 1 0 0 1 0 0 0 0 1
00 00 00 ff ff ff a9 a9 a9 135 17 10 1 0 0 0 0 0 0 0 2
00 00 00 ff ff ff a9 a9 a9 135 17 16 1 0 0 0 0 0 0 1 0
00 00 00 ff ff ff a9 a9 a9 135 17 20 0 0 0 0 0 0 0 0 0
00 00 00 ff ff ff a9 a9 a9 135 20 6 1 1 0 0 1 0 0 0 0
00 00 00 ff ff ff a9 a9 a9 135 20 4 0 1 0 1 2 0 1 0 2
00 00 00 ff ff ff a9 a9 a9 135 20 2 0 1 1 2 2 0 1 0 2
00 00 00 ff ff ff a9 a9 a9 135 20 8 1 0 0 0 0 0 0 0 0
00 00 00 ff ff ff a9 a9 a9 135 20 10 1 0 0 0 0 0 0 0 0
00 00 00 ff ff ff a9 a9 a9 135 20 16 1 0 0 0 0 0 0 0 0
00 00 00 ff ff ff a9 a9 a9 135 20 20 2 0 0 1 0 0 0 1 2
00 ff ff ff ff ff a9 a9 a9 45 6 6 2 0 0 0 0 0 0 0 0
00 ff ff ff ff ff a9 a9 a9 45 6 15 1 0 0 1 1 0 0 1 1
00 ff ff ff ff ff a9 a9 a9 45 6 3 1 1 0 0 1 0 0 0 1
00 ff ff ff ff ff a9 a9 a9 45 3 1 0 0 0 0 0 0 0 0 1
00 ff ff ff ff ff a9 a9 a9 45 3 7 1 0 0 0 0 0 0 0 0
00 ff ff ff ff ff a9 a9 a9 45 3 13 0 0 0 0 0 0 0 0 0
00 ff ff ff ff ff a9 a9 a9 45 11 6 2 0 0 0 0 0 0 0 2
00 ff ff ff ff ff a9 a9 a9 45 11 1 2 0 0 0 0 0 0 0 1
00 ff ff ff ff ff a9 a9 a9 45 11 19 1 0 0 0 0 0 0 0 0
00 ff ff ff ff ff a9 a9 a9 15 6 6 2 0 0 0 0 0 0 1 0
00 ff ff ff ff ff a9 a9 a9 15 6 15 2 0 0 0 0 0 0 0 1
00 ff ff ff ff ff a9 a9 a9 15 6 3 2 0 0 0 0 0 0 0 0
00 ff ff ff ff ff a9 a9 a9 15 3 1 1 0 0 0 0 0 0 0 0
00 ff ff ff ff ff a9 a9 a9 15 3 7 1 0 0 1 0 0 0 0 1
00 ff ff ff ff ff a9 a9 a9 15 3 13 0 0 0 0 0 0 0 0 1
00 ff ff ff ff ff a9 a9 a9 15 11 6 1 0 0 0 0 0 0 0 0
00 ff ff ff ff ff a9 a9 a9 15 11 1 1 0 0 1 0 0 0 2 2
00 ff ff ff ff ff a9 a9 a9 15 11 19 1 0 0 1 0 0 0 0 0
00 ff ff ff ff ff a9 a9 a9 135 6 6 1 0 0 0 0 0 0 0 1
00 ff ff ff ff ff a9 a9 a9 135 6 15 1 0 0 0 0 0 0 0 0
00 ff ff ff ff ff a9 a9 a9 135 6 3 1 1 1 2 0 0 0 0 2
00 ff ff ff ff ff a9 a9 a9 135 3 1 0 1 0 1 0 0 0 1 1
00 ff ff ff ff ff a9 a9 a9 135 3 7 1 0 0 0 0 0 0 0 0
00 ff ff ff ff ff a9 a9 a9 135 3 13 0 0 0 0 0 0 0 0 0
00 ff ff ff ff ff a9 a9 a9 135 11 6 1 0 0 1 0 0 0 0 0
00 ff ff ff ff ff a9 a9 a9 135 11 1 1 0 0 0 0 0 0 0 1
00 ff ff ff ff ff a9 a9 a9 135 11 19 1 0 0 0 0 0 0 0 1
00 ff ff 00 00 ff a9 a9 a9 45 6 6 3 3 3 3 2 2 3 2 3
00 ff ff 00 00 ff a9 a9 a9 45 6 14 3 3 3 3 2 3 2 2 3
00 ff ff 00 00 ff a9 a9 a9 45 6 2 3 3 3 3 2 2 2 3 3
00 ff ff 00 00 ff a9 a9 a9 45 2 3 3 0 0 0 0 0 0 1 1
00 ff ff 00 00 ff a9 a9 a9 45 2 10 2 0 1 0 0 1 1 2 2
00 ff ff 00 00 ff a9 a9 a9 45 2 15 2 0 0 0 0 0 0 0 1
00 ff ff 00 00 ff a9 a9 a9 45 11 6 2 0 0 0 0 0 0 0 2
00 ff ff 00 00 ff a9 a9 a9 45 11 1 1 1 1 2 1 0 0 0 0
00 ff ff 00 00 ff a9 a9 a9 45 11 19 2 0 0 2 1 1 2 0 2
00 ff ff 00 00 ff a9 a9 a9 15 6 6 3 3 2 3 2 2 2 2 2
00 ff ff 00 00 ff a9 a9 a9 15 6 18 2 3 3 3 3 1 2 1 1
00 ff ff 00 00 ff a9 a9 a9 15 6 4 2 3 3 3 3 2 2 3 2
00 ff ff 00 00 ff a9 a9 a9 15 1 1 0 0 0 0 0 0 0 1 0
00 ff ff 00 00 ff a9 a9 a9 15 1 11 1 0 0 0 0 0 0 0 0
00 ff ff 00 00 ff a9 a9 a9 15 1 16 1 0 0 0 1 0 0 0 1
00 ff ff 00 00 ff a9 a9 a9 15 12 6 2 1 2 2 3 1 1 2 2
00 ff ff 00 00 ff a9 a9 a9 15 12 2 2 1 1 2 1 0 1 1 1
00 ff ff 00 00 ff a9 a9 a9 15 12 18 1 1 2 2 1 0 1 0 1
00 ff ff 00 00 ff a9 a9 a9 135 4 4 2 0 0 1 1 0 0 0 0
00 ff ff 00 00 ff a9 a9 a9 135 4 15 1 0 1 1 2 0 0 1 2
00 ff ff 00 00 ff a9 a9 a9 135 4 1 1 0 0 0 0 0 0 0 0
00 ff ff 00 00 ff a9 a9 a9 135 1 1 2 0 0 0 0 0 0 0 0
00 ff ff 00 00 ff a9 a9 a9 135 1 7 2 0 0 0 0 0 0 0 1
00 ff ff 00 00 ff a9 a9 a9 135 1 13 2 0 0 0 0 0 0 1 1
00 ff ff 00 00 ff a9 a9 a9 135 12 6 1 0 0 1 2 0 0 0 1
00 ff ff 00 00 ff a9 a9 a9 135 12 1 1 1 0 2 1 0 0 0 2
00 ff ff 00 00 ff a9 a9 a9 135 12 19 1 0 0 1 0 0 0 0 1
00 ff ff 00 00 ff ff 00 00 45 6 6 2 3 2 2 1 1 1 2 3
00 ff ff 00 00 ff ff 00 00 45 6 14 2 3 3 3 3 2 2 2 3
00 ff ff 00 00 ff ff 00 00 45 6 2 2 1 1 0 1 0 1 1 2
00 ff ff 00 00 ff ff 00 00 45 2 3 2 0 0 0 0 0 0 0 0
00 ff ff 00 00 ff ff 00 00 45 2 10 1 0 0 0 0 0 0 0 0
00 ff ff 00 00 ff ff 00 00 45 2 15 1 0 0 0 0 0 0 0 0
00 ff ff 00 00 ff ff 00 00 45 11 6 1 0 0 3 0 0 0 0 0
00 ff ff 00 00 ff ff 00 00 45 11 1 1 2 1 3 0 0 0 1 1
00 ff ff 00 00 ff ff 00 00 45 11 19 1 0 0 0 0 0 0 0 0
00 ff ff 00 00 ff ff 00 00 15 6 6 2 3 2 3 2 0 0 1 2
00 ff ff 00 00 ff ff 00 00 15 6 18 2 1 1 2 1 0 1 0 1
00 ff ff 00 00 ff ff 00 00 15 6 4 1 0 2 3 2 1 2 0 0
00 ff ff 00 00 ff ff 00 00 15 1 1 1 0 0 0 0 0 0 0 0
00 ff ff 00 00 ff ff 00 00 15 1 11 1 0 0 0 0 0 0 0 0
00 ff ff 00 00 ff ff 00 00 15 1 16 1 0 0 0 0 0 0 0 0
00 ff ff 00 00 ff ff 00 00 15 12 6 1 0 0 3 1 0 0 1 1
00 ff ff 00 00 ff ff 00 00 15 12 2 1 2 1 2 1 0 0 0 1
00 ff ff 00 00 ff ff 00 00 15 12 18 2 0 0 0 0 0 0 0 0
00 ff ff 00 00 ff ff 00 00 135 4 4 2 0 0 0 0 0 0 0 0
00 ff ff 00 00 ff ff 00 00 135 4 15 1 0 1 2 3 0 0 1 2
00 ff ff 00 00 ff ff 00 00 135 4 1 1 0 1 2 2 0 0 0 2
00 ff ff 00 00 ff ff 00 00 135 1 1 0 0 0 0 0 0 0 0 0
00 ff ff 00 00 ff ff 00 00 135 1 7 1 0 0 0 0 0 0 1 0
00 ff ff 00 00 ff ff 00 00 135 1 13 0 0 0 0 0 0 0 0 1
00 ff ff 00 00 ff ff 00 00 135 12 6 0 0 0 0 0 0 0 0 0
00 ff ff 00 00 ff ff 00 00 135 12 1 0 0 0 0 0 0 0 0 0
00 ff ff 00 00 ff ff 00 00 135 12 19 1 0 1 1 2 0 0 1 2
00 ff ff 00 ff 00 00 00 ff 45 5 5 2 0 1 1 2 0 0 1 2
00 ff ff 00 ff 00 00 00 ff 45 5 13 1 0 0 0 0 0 0 0 0
00 ff ff 00 ff 00 00 00 ff 45 5 3 1 0 0 0 0 0 0 0 0
00 ff ff 00 ff 00 00 00 ff 45 2 3 1 0 0 0 0 0 0 0 0
00 ff ff 00 ff 00 00 00 ff 45 2 15 0 0 0 0 0 0 0 0 0
00 ff ff 00 ff 00 00 00 ff 45 2 18 0 0 0 0 0 0 0 0 0
00 ff ff 00 ff 00 00 00 ff 45 8 7 2 1 1 3 2 0 1 0 1
00 ff ff 00 ff 00 00 00 ff 45 8 2 1 1 0 3 3 1 0 3 2
00 ff ff 00 ff 00 00 00 ff 45 8 13 1 1 2 0 3 0 0 3 3
00 ff ff 00 ff 00 00 00 ff 15 6 6 2 1 2 0 3 0 0 2 3
00 ff ff 00 ff 00 00 00 ff 15 6 18 0 0 0 0 0 0 0 2 2
00 ff ff 00 ff 00 00 00 ff 15 6 4 1 1 0 3 2 0 0 1 0
00 ff ff 00 ff 00 00 00 ff 15 1 1 1 0 0 0 0 0 0 0 0
00 ff ff 00 ff 00 00 00 ff 15 1 11 0 0 0 0 0 0 0 0 0
00 ff ff 00 ff 00 00 00 ff 15 1 16 0 0 0 0 0 0 0 0 0
00 ff ff 00 ff 00 00 00 ff 15 12 6 1 0 0 0 0 0 0 0 0
00 ff ff 00 ff 00 00 00 ff 15 12 2 1 1 0 2 0 0 0 0 1
00 ff ff 00 ff 00 00 00 ff 15 12 18 1 0 0 2 0 0 0 1 0
00 ff ff 00 ff 00 00 00 ff 135 4 4 2 0 0 0 0 0 0 0 0
00 ff ff 00 ff 00 00 00 ff 135 4 15 1 0 0 0 0 0 0 0 0
00 ff ff 00 ff 00 00 00 ff 135 4 1 1 0 0 0 0 0 0 0 0
00 ff ff 00 ff 00 00 00 ff 135 1 1 0 0 0 0 0 0 0 0 0
00 ff ff 00 ff 00 00 00 ff 135 1 7 0 0 0 0 0 0 0 0 0
00 ff ff 00 ff 00 00 00 ff 135 1 13 0 0 0 0 0 0 0 0 0
00 ff ff 00 ff 00 00 00 ff 135 12 6 1 0 1 2 2 0 0 1 2
00 ff ff 00 ff 00 00 00 ff 135 12 1 1 0 0 1 0 0 0 1 1
00 ff ff 00 ff 00 00 00 ff 135 12 19 1 0 0 1 0 0 0 1 1
00 00 00 00 ff 00 a9 a9 a9 45 5 5 2 1 2 2 3 2 0 1 2
00 00 00 00 ff 00 a9 a9 a9 45 5 13 3 0 0 3 2 0 0 2 2
00 00 00 00 ff 00 a9 a9 a9 45 5 3 2 1 1 3 2 0 2 3 3
00 00 00 00 ff 00 a9 a9 a9 45 2 3 3 0 0 0 0 0 0 0 0
00 00 00 00 ff 00 a9 a9 a9 45 2 15 1 0 0 0 0 0 0 0 0
00 00 00 00 ff 00 a9 a9 a9 45 2 18 1 0 0 0 0 0 0 0 0
00 00 00 00 ff 00 a9 a9 a9 45 8 7 2 0 0 0 0 0 0 0 0
00 00 00 00 ff 00 a9 a9 a9 45 8 2 2 1 0 0 0 0 0 0 1
00 00 00 00 ff 00 a9 a9 a9 45 8 13 2 0 0 3 2 0 0 0 2
00 00 00 00 ff 00 a9 a9 a9 15 6 6 2 1 1 2 2 1 0 3 3
00 00 00 00 ff 00 a9 a9 a9 15 6 18 2 0 0 0 0 0 0 0 0
00 00 00 00 ff 00 a9 a9 a9 15 6 4 2 0 0 0 0 0 0 0 0
00 00 00 00 ff 00 a9 a9 a9 15 1 1 1 0 0 0 0 0 0 0 0
00 00 00 00 ff 00 a9 a9 a9 15 1 11 1 0 0 0 0 0 0 0 0
00 00 00 00 ff 00 a9 a9 a9 15 1 16 1 0 0 0 0 0 0 0 0
00 00 00 00 ff 00 a9 a9 a9 15 12 6 2 0 0 0 0 0 0 0 0
00 00 00 00 ff 00 a9 a9 a9 15 12 2 1 1 0 1 0 0 0 0 0
00 00 00 00 ff 00 a9 a9 a9 15 12 18 2 0 0 2 0 0 0 0 1
00 00 00 00 ff 00 a9 a9 a9 135 4 4 2 0 0 0 2 0 0 0 0
00 00 00 00 ff 00 a9 a9 a9 135 4 15 2 1 1 1 0 0 0 1 2
00 00 00 00 ff 00 a9 a9 a9 135 4 1 1 0 0 2 0 0 0 0 0
00 00 00 00 ff 00 a9 a9 a9 135 1 1 2 0 0 0 0 0 0 0 0
00 00 00 00 ff 00 a9 a9 a9 135 1 7 1 0 0 0 0 0 0 0 2
00 00 00 00 ff 00 a9 a9 a9 135 1 13 1 1 1 2 1 0 0 0 0
00 00 00 00 ff 00 a9 a9 a9 135 12 6 1 1 1 2 1 0 0 2 3
00 00 00 00 ff 00 a9 a9 a9 135 12 1 1 1 0 1 2 0 0 0 0
00 00 00 00 ff 00 a9 a9 a9 135 12 19 1 0 0 3 2 0 0 3 1
